Nombre de noeuds : 893
1 : 0.0 0.0
2 : 6.0 0.0
3 : 6.0 3.0
4 : 1.0 3.0
5 : 1.0 4.0
6 : 6.0 4.0
7 : 6.0 10.0
8 : 5.0 10.0
9 : 5.0 5.0
10 : 0.0 5.0
11 : 0.0 2.0
12 : 5.0 2.0
13 : 5.0 1.0
14 : 0.0 1.0
15 : 0.19999999999910983 0.0
16 : 0.39999999999824065 0.0
17 : 0.5999999999975234 0.0
18 : 0.7999999999967187 0.0
19 : 0.9999999999956506 0.0
20 : 1.1999999999949091 0.0
21 : 1.3999999999941966 0.0
22 : 1.599999999993484 0.0
23 : 1.7999999999927718 0.0
24 : 1.9999999999920588 0.0
25 : 2.199999999991346 0.0
26 : 2.3999999999906336 0.0
27 : 2.599999999989921 0.0
28 : 2.7999999999892085 0.0
29 : 2.999999999988583 0.0
30 : 3.199999999989264 0.0
31 : 3.3999999999900314 0.0
32 : 3.599999999990798 0.0
33 : 3.799999999991565 0.0
34 : 3.9999999999923315 0.0
35 : 4.199999999993098 0.0
36 : 4.399999999993865 0.0
37 : 4.5999999999946315 0.0
38 : 4.799999999995399 0.0
39 : 4.999999999996166 0.0
40 : 5.199999999996932 0.0
41 : 5.399999999997699 0.0
42 : 5.599999999998466 0.0
43 : 5.799999999999233 0.0
44 : 6.0 0.19999999999912033
45 : 6.0 0.39999999999835933
46 : 6.0 0.5999999999974546
47 : 6.0 0.799999999996742
48 : 6.0 0.9999999999960294
49 : 6.0 1.1999999999953168
50 : 6.0 1.3999999999946042
51 : 6.0 1.599999999994632
52 : 6.0 1.799999999995399
53 : 6.0 1.9999999999961657
54 : 6.0 2.1999999999969324
55 : 6.0 2.3999999999976995
56 : 6.0 2.599999999998466
57 : 6.0 2.799999999999233
58 : 5.8 3.0
59 : 5.6 3.0
60 : 5.399999999999999 3.0
61 : 5.199999999999998 3.0
62 : 4.999999999999998 3.0
63 : 4.799999999999999 3.0
64 : 4.599999999999999 3.0
65 : 4.399999999999999 3.0
66 : 4.199999999999998 3.0
67 : 3.9999999999999987 3.0
68 : 3.799999999999999 3.0
69 : 3.5999999999999988 3.0
70 : 3.3999999999999995 3.0
71 : 3.1999999999999993 3.0
72 : 2.9999999999999996 3.0
73 : 2.7999999999999994 3.0
74 : 2.599999999999999 3.0
75 : 2.399999999999999 3.0
76 : 2.1999999999999993 3.0
77 : 1.9999999999999991 3.0
78 : 1.7999999999999998 3.0
79 : 1.5999999999999996 3.0
80 : 1.3999999999999995 3.0
81 : 1.1999999999999993 3.0
82 : 1.0 3.1999999999999997
83 : 1.0 3.3999999999999995
84 : 1.0 3.5999999999999996
85 : 1.0 3.8
86 : 1.199999999999806 4.0
87 : 1.3999999999996537 4.0
88 : 1.5999999999997252 4.0
89 : 1.7999999999990508 4.0
90 : 1.9999999999983018 4.0
91 : 2.1999999999983535 4.0
92 : 2.3999999999984403 4.0
93 : 2.599999999998527 4.0
94 : 2.7999999999986134 4.0
95 : 2.9999999999987 4.0
96 : 3.199999999998787 4.0
97 : 3.3999999999988737 4.0
98 : 3.5999999999989605 4.0
99 : 3.799999999999047 4.0
100 : 3.999999999999133 4.0
101 : 4.19999999999922 4.0
102 : 4.399999999999308 4.0
103 : 4.599999999999394 4.0
104 : 4.79999999999948 4.0
105 : 4.999999999999567 4.0
106 : 5.199999999999654 4.0
107 : 5.399999999999739 4.0
108 : 5.599999999999827 4.0
109 : 5.799999999999914 4.0
110 : 6.0 4.1999999999973525
111 : 6.0 4.399999999995155
112 : 6.0 4.5999999999953864
113 : 6.0 4.799999999994959
114 : 6.0 4.999999999992427
115 : 6.0 5.199999999992508
116 : 6.0 5.399999999992822
117 : 6.0 5.599999999993134
118 : 6.0 5.799999999993448
119 : 6.0 5.999999999993761
120 : 6.0 6.199999999994073
121 : 6.0 6.399999999994387
122 : 6.0 6.5999999999947
123 : 6.0 6.799999999995013
124 : 6.0 6.9999999999953255
125 : 6.0 7.199999999995638
126 : 6.0 7.39999999999595
127 : 6.0 7.599999999996262
128 : 6.0 7.799999999996574
129 : 6.0 7.999999999996885
130 : 6.0 8.199999999997196
131 : 6.0 8.399999999997508
132 : 6.0 8.59999999999782
133 : 6.0 8.799999999998132
134 : 6.0 8.999999999998444
135 : 6.0 9.199999999998754
136 : 6.0 9.399999999999066
137 : 6.0 9.599999999999376
138 : 6.0 9.799999999999688
139 : 5.8 10.0
140 : 5.6 10.0
141 : 5.4 10.0
142 : 5.2 10.0
143 : 5.0 9.799999999999999
144 : 5.0 9.6
145 : 5.0 9.399999999999999
146 : 5.0 9.2
147 : 5.0 8.999999999999998
148 : 5.0 8.799999999999999
149 : 5.0 8.599999999999998
150 : 5.0 8.399999999999999
151 : 5.0 8.2
152 : 5.0 7.999999999999998
153 : 5.0 7.799999999999999
154 : 5.0 7.599999999999999
155 : 5.0 7.3999999999999995
156 : 5.0 7.199999999999999
157 : 5.0 7.0
158 : 5.0 6.799999999999999
159 : 5.0 6.6
160 : 5.0 6.399999999999999
161 : 5.0 6.199999999999999
162 : 5.0 5.999999999999999
163 : 5.0 5.8
164 : 5.0 5.6
165 : 5.0 5.3999999999999995
166 : 5.0 5.199999999999999
167 : 4.8 5.0
168 : 4.6 5.0
169 : 4.399999999999999 5.0
170 : 4.199999999999998 5.0
171 : 3.9999999999999987 5.0
172 : 3.799999999999999 5.0
173 : 3.5999999999999988 5.0
174 : 3.3999999999999986 5.0
175 : 3.1999999999999984 5.0
176 : 2.9999999999999987 5.0
177 : 2.799999999999999 5.0
178 : 2.5999999999999988 5.0
179 : 2.3999999999999995 5.0
180 : 2.1999999999999993 5.0
181 : 1.9999999999999996 5.0
182 : 1.7999999999999994 5.0
183 : 1.5999999999999992 5.0
184 : 1.399999999999999 5.0
185 : 1.1999999999999993 5.0
186 : 0.9999999999999991 5.0
187 : 0.7999999999999998 5.0
188 : 0.5999999999999996 5.0
189 : 0.39999999999999947 5.0
190 : 0.1999999999999993 5.0
191 : 0.0 4.8
192 : 0.0 4.6
193 : 0.0 4.399999999999999
194 : 0.0 4.1999999999999975
195 : 0.0 3.9999999999999964
196 : 0.0 3.7999999999999963
197 : 0.0 3.599999999999995
198 : 0.0 3.3999999999999946
199 : 0.0 3.1999999999999953
200 : 0.0 2.999999999999996
201 : 0.0 2.799999999999997
202 : 0.0 2.5999999999999974
203 : 0.0 2.399999999999998
204 : 0.0 2.1999999999999993
205 : 0.19999999999983387 2.0
206 : 0.3999999999996643 2.0
207 : 0.5999999999995166 2.0
208 : 0.7999999999989961 2.0
209 : 0.9999999999984124 2.0
210 : 1.1999999999978286 2.0
211 : 1.3999999999972448 2.0
212 : 1.599999999996661 2.0
213 : 1.7999999999960772 2.0
214 : 1.999999999995511 2.0
215 : 2.1999999999957454 2.0
216 : 2.3999999999960493 2.0
217 : 2.599999999996353 2.0
218 : 2.7999999999966567 2.0
219 : 2.999999999996961 2.0
220 : 3.199999999997265 2.0
221 : 3.399999999997569 2.0
222 : 3.5999999999978733 2.0
223 : 3.7999999999981764 2.0
224 : 3.9999999999984808 2.0
225 : 4.199999999998784 2.0
226 : 4.399999999999088 2.0
227 : 4.599999999999393 2.0
228 : 4.799999999999696 2.0
229 : 5.0 1.8000000000000005
230 : 5.0 1.6000000000000003
231 : 5.0 1.4000000000000004
232 : 5.0 1.2000000000000002
233 : 4.8 1.0
234 : 4.6 1.0
235 : 4.399999999999999 1.0
236 : 4.199999999999998 1.0
237 : 3.9999999999999987 1.0
238 : 3.799999999999999 1.0
239 : 3.5999999999999988 1.0
240 : 3.3999999999999986 1.0
241 : 3.1999999999999984 1.0
242 : 2.9999999999999987 1.0
243 : 2.799999999999999 1.0
244 : 2.5999999999999988 1.0
245 : 2.3999999999999995 1.0
246 : 2.1999999999999993 1.0
247 : 1.9999999999999996 1.0
248 : 1.7999999999999994 1.0
249 : 1.5999999999999992 1.0
250 : 1.399999999999999 1.0
251 : 1.1999999999999993 1.0
252 : 0.9999999999999991 1.0
253 : 0.7999999999999998 1.0
254 : 0.5999999999999996 1.0
255 : 0.39999999999999947 1.0
256 : 0.1999999999999993 1.0
257 : 0.0 0.7999999999999998
258 : 0.0 0.6000000000013869
259 : 0.0 0.40000000000166436
260 : 0.0 0.20000000000083218
261 : 5.802598512254935 4.686820127638031
262 : 5.809667120872968 0.67803555440416
263 : 0.6999999999992563 2.1732050807564094
264 : 0.678035554405869 4.809667120872839
265 : 0.17320508075688865 4.299999999999999
266 : 0.19740909531400674 2.6868088940991544
267 : 5.321964445594249 2.8096671208732107
268 : 5.299999999999695 4.173205080756961
269 : 5.826794919242448 2.299999999997316
270 : 5.299999999997316 0.17320508075755167
271 : 0.8999999999961846 0.17320508075596275
272 : 5.826794919244174 5.099999999992469
273 : 1.699999999999362 4.173205080756382
274 : 1.0999999999981205 2.1732050807563823
275 : 5.82679491924373 1.099999999995673
276 : 1.2999999999945528 0.1732050807562581
277 : 1.5026612779820785 2.168399384150147
278 : 1.8999999999957666 2.1732050807564525
279 : 1.6999999999931277 0.17320508075627042
280 : 2.0999999999983423 4.173205080756524
281 : 2.0999999999917027 0.17320508075627042
282 : 1.1077350269189035 4.182601000755015
283 : 2.5026612779756974 0.1683993841495393
284 : 0.826794919243182 3.8999999999999564
285 : 5.826794919243409 1.499999999994618
286 : 2.899999999988853 0.17320508075638932
287 : 0.17320508075688693 3.099999999999995
288 : 4.8999999999999995 2.8267949192431128
289 : 0.1732050807568876 3.499999999999999
290 : 0.5097003107360456 0.8353496491680567
291 : 4.8999999999999995 4.8267949192431185
292 : 4.502661277985095 4.831600615849369
293 : 4.099999999999999 4.826794919243112
294 : 3.7 4.826794919243112
295 : 3.299999999999998 4.826794919243112
296 : 2.9 4.826794919243112
297 : 2.4999999999999996 4.826794919243113
298 : 4.499999999999998 2.8267949192431123
299 : 5.163549923920158 9.489686081939464
300 : 4.099999999999999 2.8267949192431123
301 : 5.173205080756887 9.099999999999994
302 : 3.7 2.8267949192431128
303 : 5.173205080756887 8.7
304 : 3.3000000000000003 2.8267949192431128
305 : 5.173205080756887 8.299999999999992
306 : 2.9000000000000004 2.8267949192431123
307 : 5.173205080756887 7.8999999999999995
308 : 2.4999999999999996 2.8267949192431123
309 : 5.173205080756887 7.500000000000003
310 : 5.173205080756887 7.099999999999999
311 : 5.173205080756887 6.700000000000001
312 : 5.173205080756887 6.299999999999997
313 : 5.173205080756887 5.9
314 : 5.173205080756888 5.500000000000001
315 : 5.1732050807568974 1.899999999999995
316 : 4.899999999999982 0.8267949192430846
317 : 4.502661277984895 0.8316006158496789
318 : 4.099999999999999 0.8267949192431125
319 : 3.7 0.8267949192431123
320 : 3.299999999999998 0.8267949192431123
321 : 5.099999999999975 4.817863279495409
322 : 5.10000000000003 0.8267949192430721
323 : 5.1821367205046265 2.1000000000000756
324 : 2.0999999999999996 2.8267949192431128
325 : 1.4999999999999991 4.826794919243112
326 : 0.8286875542567687 3.3
327 : 1.8999999999999997 4.826794919243112
328 : 1.3000000000000296 2.826794919243154
329 : 4.69733872201443 4.168399384150767
330 : 4.299999999999253 4.173205080756954
331 : 3.8999999999990873 4.173205080756958
332 : 3.4999999999989226 4.173205080756956
333 : 1.697338722014017 2.8316006158490823
334 : 3.0999999999987513 4.173205080756958
335 : 2.6999999999984174 4.173205080756973
336 : 1.0999999999999992 0.8267949192431128
337 : 4.699999999999321 2.169203541133916
338 : 4.2999999999989384 2.1732050807571506
339 : 5.826794919242866 9.299999999998914
340 : 3.899999999998329 2.1732050807571506
341 : 5.826794919242725 8.89999999999834
342 : 1.49999999999996 0.8267949192431636
343 : 5.193098664847328 1.3154936054875443
344 : 3.499999999997721 2.1732050807571506
345 : 5.82679491924249 8.49999999999753
346 : 3.099999999997112 2.173205080757151
347 : 5.8267949192423 8.099999999996768
348 : 1.899999999999894 0.8267949192431502
349 : 2.2999999999957286 2.1732050807568166
350 : 2.6999999999964666 2.1732050807571297
351 : 5.826794919242516 7.699999999996232
352 : 5.826794919242689 7.299999999995693
353 : 2.299999999999933 0.8267949192431565
354 : 5.826794919242838 6.899999999995163
355 : 5.826794919242854 6.499999999994544
356 : 5.826794919242836 6.099999999993894
357 : 2.6999999999999056 0.8267949192431248
358 : 5.826794919242774 5.6999999999930875
359 : 4.697338722010713 0.16839938415141656
360 : 4.29999999999351 0.17320508075751195
361 : 3.899999999992039 0.17320508075751057
362 : 3.4999999999905484 0.1732050807572835
363 : 0.5113349142563749 0.16370661204811038
364 : 1.0999999999999992 4.826794919243112
365 : 0.16993015619961493 3.9000000000000012
366 : 5.826794919242448 1.8999999999957824
367 : 4.9999999999999964 4.652101231861634
368 : 4.99999999999999 0.6535898384860979
369 : 5.1999999999999265 4.651853130757565
370 : 5.299999999999866 4.8160852215825924
371 : 5.200000000000055 0.6535898384861356
372 : 5.300000000000029 0.8267949192430084
373 : 0.8178632794954768 4.099999999999892
374 : 0.17226134197271487 0.4983653964790924
375 : 5.488665085741279 9.836293387951683
376 : 0.6536377214228384 4.002661277985021
377 : 0.6634111576232189 3.8004435463308015
378 : 0.652109212351158 4.200443546330686
379 : 5.347898768138528 2.0000000000000018
380 : 5.346410161513871 1.7999999999998382
381 : 5.3481468692426475 2.200000000000145
382 : 5.183914778417354 2.3000000000002068
383 : 5.399999999999747 4.651515437588091
384 : 5.400000000000028 0.6535898384861694
385 : 5.348484562412091 2.400000000000298
386 : 5.699342844584125 0.16203381508671813
387 : 5.837966184913039 2.6993428445840135
388 : 5.686114907732055 4.1919020546221715
389 : 0.16979423169994423 2.300605338468691
390 : 0.16203381508663495 4.699342844584787
391 : 0.816127901848323 4.300073924388272
392 : 0.6515652312313467 4.400086245119638
393 : 4.802661277985102 4.654878226943204
394 : 4.802661277984825 0.6551263280470867
395 : 5.4958082538467465 4.8222441303800965
396 : 5.370202036910948 5.008277799176007
397 : 5.495808253847086 0.8243748134732547
398 : 5.400935979163675 0.9986529102543642
399 : 0.8222595426985345 4.495834948765029
400 : 5.177755869619688 2.49580825384752
401 : 4.991722200823647 2.370202036911401
402 : 4.899999999999965 0.48038475772903555
403 : 4.900000000000041 4.4803847577293325
404 : 0.4803847577295448 4.099999999999877
405 : 5.519615242270989 2.1000000000000427
406 : 4.700316818807594 4.492213876754422
407 : 4.700316818806153 0.4922434126004326
408 : 5.830645590988609 9.699152526143363
409 : 5.2999999999998915 4.4803847577295475
410 : 5.515215341129451 4.481150463196544
411 : 5.300000000000127 0.4803847577292889
412 : 5.500000000000134 0.48038475772930755
413 : 1.009391101962317 4.3715586853830395
414 : 5.177634673573622 5.109114660114962
415 : 1.002447144291839 4.624776010277578
416 : 1.1495406102757453 4.503686634707154
417 : 5.628968952972493 1.0012152984422804
418 : 5.49321736608802 1.168142749618665
419 : 4.997714100723044 2.6245783897935957
420 : 4.8507142992841015 2.5033757809160386
421 : 5.624578389793501 5.00228589927349
422 : 5.496097421260144 5.1561198092962215
423 : 0.653589838486354 4.5999999999996755
424 : 0.48038475772952194 4.499999999999701
425 : 0.4803847577295101 4.699999999999652
426 : 5.346410161513848 2.6000000000004326
427 : 5.519615242270878 2.5000000000004183
428 : 5.519615242270843 2.7000000000005984
429 : 5.8322683705382765 4.48977005263097
430 : 5.826794919244114 4.89999999999367
431 : 5.8307964588665735 5.299999999992151
432 : 5.8274618425134985 5.499999999992584
433 : 5.653700992364179 5.599999999992718
434 : 5.653608364132084 5.7999999999931955
435 : 5.480384757728586 5.69999999999311
436 : 5.480384757728551 5.899999999993282
437 : 5.486527824863452 5.505977467515078
438 : 5.658997952825148 5.40697371210074
439 : 5.489011322768378 4.167612962820987
440 : 5.499960085310996 0.1701437499622168
441 : 5.830069843800641 1.6999999999948925
442 : 5.662412508332906 1.602661277980268
443 : 5.669310491858939 1.4021518422904748
444 : 5.49192215573543 1.4916429515309748
445 : 3.0999999999884755 0.17320508075641156
446 : 3.0026612779742146 0.344873671951618
447 : 3.200443546319984 0.3461540799198171
448 : 2.8057661022928735 0.33981761126331317
449 : 3.1008274543582366 0.5174369967472474
450 : 3.2999999999884277 0.519615242269837
451 : 5.653592926093422 5.99999999999361
452 : 5.480384757728502 6.099999999993454
453 : 0.1692970876561283 0.30074819035912503
454 : 0.3292655531597762 0.39615987727702484
455 : 0.32448110831209737 0.6002015905169593
456 : 0.5196152422694836 0.5000000000024842
457 : 1.4999999999997455 4.173205080756523
458 : 1.5999999999997097 4.346410161512912
459 : 1.7999999999992187 4.346410161512772
460 : 1.6999999999996989 4.519615242269344
461 : 1.8999999999993984 4.5196152422691265
462 : 1.5059774675206783 4.513490700780594
463 : 5.8298562500377 2.499960085310849
464 : 5.209525626968782 0.9943659263847026
465 : 5.596370309087936 4.66598020230056
466 : 4.890885339884756 2.1769677503032727
467 : 1.3003355818286324 4.172571086338539
468 : 5.599999999999859 0.6535898384862895
469 : 5.6999999999999895 0.4803847577296483
470 : 2.0999999999954158 2.1732050807564978
471 : 1.9999999999955018 2.346410161513028
472 : 1.802661277981081 2.344873671951804
473 : 1.8999999999955717 2.519615242269574
474 : 1.7003168188045348 2.507756587399025
475 : 2.0999999999952945 2.519615242269715
476 : 2.299999999998202 4.173205080756831
477 : 2.199999999998208 4.346410161513299
478 : 2.3999999999979744 4.346410161513691
479 : 2.2999999999977456 4.519615242270404
480 : 2.4999999999976783 4.5196152422706755
481 : 2.5999999999980936 4.3464101615138695
482 : 2.699999999997667 4.51961524227095
483 : 5.826794919242472 2.099999999996602
484 : 4.496895175678508 0.1708676417621157
485 : 4.396821251289562 0.34448409878800246
486 : 4.199470208542576 0.3460891510604531
487 : 4.29999999999358 0.519615242272308
488 : 4.099999999993123 0.5196152422723257
489 : 4.499659294055811 0.5091219542708186
490 : 3.9999117014174486 0.34635665977252217
491 : 3.8999999999926853 0.5196152422723977
492 : 3.6999999999912037 0.17320508075745622
493 : 3.599999999991117 0.3464101615149431
494 : 3.799985283562764 0.34640124455795906
495 : 3.6999999999920896 0.5196152422729251
496 : 3.499999999991399 0.5196152422729773
497 : 1.3000000000000003 0.8267949192431657
498 : 1.3999999999999861 0.653589838486395
499 : 1.5999999999998098 0.6535898384863742
500 : 1.499999999999894 0.48038475772966105
501 : 1.6999999999996038 0.48038475772963496
502 : 1.3000000000001846 0.48038475772968603
503 : 1.7999999999997478 0.6535898384863761
504 : 1.8999999999992956 0.4803847577295476
505 : 1.2000000000000455 0.6535898384863726
506 : 1.0000000000002793 0.6535898384862032
507 : 1.1000000000004708 0.4803847577295705
508 : 0.9000000000007516 0.4803847577294303
509 : 0.8015978846064798 0.6570492520605705
510 : 0.9002663141011609 0.8273714881720157
511 : 0.7019274182405126 0.831430245781559
512 : 2.099999999999963 0.8267949192431706
513 : 2.1999999999999362 0.6535898384863863
514 : 2.399999999999779 0.6535898384863483
515 : 2.2999999999998244 0.4803847577296325
516 : 2.5019009128441656 0.4886319406794648
517 : 2.1000000000001102 0.4803847577296961
518 : 2.6003168188072703 0.6582392935346786
519 : 1.9999999999998244 0.6535898384863877
520 : 1.496895175683757 2.8291323582386436
521 : 1.3968212512953908 2.655515901213436
522 : 1.1994702085493811 2.653910848940858
523 : 1.3000000000000815 2.4803847577295985
524 : 1.1000000000003174 2.4803847577295794
525 : 0.9999117014252225 2.6536433402286814
526 : 0.9000000000005607 2.480384757729501
527 : 0.7999852835714003 2.6535987554432365
528 : 0.7000000000007793 2.480384757729413
529 : 0.5999975472625876 2.65359132464562
530 : 0.6999971384727235 2.817865013347984
531 : 0.5041908604424447 2.8228867435173233
532 : 0.629797427769501 3.0086238570193076
533 : 0.484795053995784 2.4814165530219228
534 : 0.3754214072025315 3.0024271379883025
535 : 0.5039024732642974 3.156189423092172
536 : 1.4996592940586666 2.4908780457303057
537 : 1.8998383577505673 2.8294696144048928
538 : 1.7000000000000168 4.826794919243122
539 : 5.827436697867164 9.499858754356524
540 : 5.65369680158982 9.399976459058625
541 : 5.653607665669758 9.199996076508755
542 : 5.480384757728674 9.299999999998969
543 : 5.480384757728649 9.099999999998783
544 : 5.481431621156712 9.515201232621491
545 : 5.653592809682963 8.999999346083722
546 : 5.480384757728592 8.899999999998606
547 : 5.670866871008327 9.606057215893255
548 : 1.2999999999999898 4.82868755425673
549 : 2.499999999996154 2.173205080757063
550 : 2.599999999996295 2.34641016151421
551 : 2.7999999999965333 2.346410161514255
552 : 2.6999999999963826 2.5196152422713163
553 : 2.4999999999962053 2.519615242271267
554 : 2.899999999996561 2.51961524227137
555 : 2.9999999999967164 2.3464101615143744
556 : 3.099999999996731 2.5196152422714517
557 : 2.399999999995929 2.3464101615139663
558 : 2.2999999999960514 2.5196152422712847
559 : 3.199999999996888 2.346410161514457
560 : 3.2999999999969036 2.5196152422715326
561 : 3.3999999999970583 2.346410161514535
562 : 3.4999999999970766 2.51961524227161
563 : 3.599999999997229 2.3464101615146107
564 : 3.699999999997248 2.5196152422716867
565 : 3.799999999997402 2.3464101615146897
566 : 3.8999999999974193 2.5196152422717653
567 : 3.999999999997573 2.3464101615147674
568 : 4.099999999997591 2.5196152422718443
569 : 4.199999999997745 2.3464101615148456
570 : 4.2999999999977625 2.519615242271923
571 : 4.399999999997918 2.346410161514926
572 : 4.494022532477981 2.513490700781963
573 : 4.593026287891377 2.3411348143061588
574 : 4.89983835774745 0.17053038559553302
575 : 5.099992987196206 0.1713870370733454
576 : 5.173205080756888 5.299999999999998
577 : 0.5103139180601023 2.163549923919982
578 : 5.826794919242854 6.699999999994842
579 : 5.653589838485751 6.599999999994688
580 : 5.6535898384857575 6.399999999994454
581 : 5.480384757728665 6.4999999999945635
582 : 5.48038475772867 6.699999999994753
583 : 5.480384757728674 6.299999999994372
584 : 5.653590353087013 6.19999999999401
585 : 5.65358983848574 6.799999999994962
586 : 5.653589838485653 6.99999999999519
587 : 5.480384757728618 6.899999999994964
588 : 5.480384757728546 7.099999999995173
589 : 5.653589838485548 7.19999999999541
590 : 5.480384757728386 7.29999999999535
591 : 5.653589838485434 7.399999999995643
592 : 5.480384757728209 7.499999999995525
593 : 5.653589838485193 7.5999999999957915
594 : 5.480384757728024 7.6999999999957
595 : 5.65358983848497 7.799999999995947
596 : 5.480384757727829 7.89999999999587
597 : 5.653589838484807 7.99999999999617
598 : 5.480384757727616 8.099999999996042
599 : 5.653589838484548 8.199999999996312
600 : 5.480384757727406 8.299999999996219
601 : 5.653589838484356 8.39999999999648
602 : 5.480384757727214 8.499999999996398
603 : 5.653589838484475 8.599999999997362
604 : 5.4803847577269895 8.69999999999657
605 : 5.826794919242786 7.099999999995404
606 : 5.826794919242638 7.499999999995929
607 : 5.826794919242432 7.899999999996429
608 : 5.826794919242477 8.69999999999807
609 : 5.8267949192422375 8.29999999999708
610 : 2.8999999999999835 0.8300698437998079
611 : 2.8027140811182214 0.6664623420624823
612 : 4.498837714647672 2.171658932952025
613 : 0.310850621738022 0.8146996124644916
614 : 2.299999999999998 2.8267949192431137
615 : 0.16811587841549472 2.488202061358489
616 : 4.099999999998609 2.173205080757135
617 : 3.6999999999980013 2.1732050807571355
618 : 3.2999999999973912 2.173205080757137
619 : 2.899999999996781 2.1732050807571324
620 : 5.8267985214518525 5.899999999993499
621 : 0.9000000000000117 4.826794919243121
622 : 5.826798385639718 9.09999923709782
623 : 2.500052803134481 0.8275698284178846
624 : 0.1713595079846277 4.1000000000000005
625 : 3.099999999999494 0.828640492015021
626 : 2.1 4.826794919243113
627 : 5.17094116060415 1.5157946395097783
628 : 0.17014374996174705 4.499960085312452
629 : 2.299999999999998 4.826794919243112
630 : 3.299999999998837 4.17320508075696
631 : 3.1999999999988007 4.346410161513907
632 : 2.999999999998732 4.346410161513914
633 : 3.0999999999987717 4.519615242270853
634 : 3.299999999998824 4.519615242270841
635 : 2.8999999999987223 4.519615242270865
636 : 2.7999999999983816 4.34641016151392
637 : 1.699999999999894 0.8267949192431774
638 : 3.6999999999990068 4.173205080756957
639 : 3.799999999999051 4.346410161513905
640 : 3.9999999999991145 4.346410161513901
641 : 3.899999999999091 4.519615242270847
642 : 3.699999999999039 4.519615242270852
643 : 4.099999999999143 4.51961524227084
644 : 3.5999999999989822 4.346410161513909
645 : 3.4999999999989817 4.519615242270878
646 : 4.1999999999991955 4.346410161513898
647 : 4.299999999999193 4.519615242270834
648 : 3.3999999999988924 4.3464101615139095
649 : 4.4968951756834095 4.170867641761501
650 : 4.396821251294844 4.3444840987869116
651 : 4.499659294059425 4.509118438097583
652 : 2.899999999998599 4.1732050807569605
653 : 0.1726592599973399 3.699999999999998
654 : 0.3447827018260883 3.5973387220148934
655 : 0.3444413297262172 3.4028234291785244
656 : 0.5113605468198927 3.5033432147345493
657 : 0.3356887886988971 3.7995564536691355
658 : 1.0998969849958347 2.8268573379425885
659 : 5.099999999999612 4.173205080756962
660 : 4.8998383577507525 4.170530385594949
661 : 0.16887540250239047 3.3004705715297495
662 : 4.099896984988501 0.17314266205799966
663 : 5.826794919243746 0.8999999999963677
664 : 5.100000000000002 2.826794919243116
665 : 0.822680676375526 3.1091723364221626
666 : 0.828580521797089 3.499999999999995
667 : 0.17320508075688767 2.8999999999999964
668 : 3.4999999999999973 4.826794919243115
669 : 3.8999999999999977 4.8267949192431185
670 : 4.703548370646793 4.829347089648071
671 : 4.3001616422488524 4.829469614405182
672 : 2.699999999999998 4.826794919243112
673 : 3.099999999999995 4.8267949192431185
674 : 5.8267950050097435 6.299999999994226
675 : 1.099999999995186 0.17320508075600283
676 : 4.099999999999163 4.173205080756951
677 : 5.300113576604771 9.830617856523206
678 : 5.173205080756887 9.299999999999995
679 : 5.173205080756893 6.500000000000005
680 : 5.17320508075687 8.500000000000009
681 : 5.173205080756887 7.299999999999999
682 : 5.173205080756877 5.700000000000007
683 : 4.699999999999994 2.828687554256762
684 : 3.8999999999999977 2.826794919243116
685 : 0.7009638532503852 0.16942224017803414
686 : 5.100000000000014 4.480384757729482
687 : 5.17320508075687 6.09999999999999
688 : 3.4999999999999956 2.826794919243113
689 : 2.6999999999999975 2.8267949192431123
690 : 4.300000000000002 2.8267949192431123
691 : 3.099999999999995 2.826794919243118
692 : 5.173205080756876 8.9
693 : 5.1732050807568815 6.899999999999995
694 : 5.173205080756883 7.6999999999999895
695 : 5.173205080756839 8.100000000000017
696 : 0.48038475772954375 4.2999999999997875
697 : 5.172228647294456 1.7027008764811322
698 : 0.8999999999987042 2.1732050807563823
699 : 1.3001616422463904 2.170530385594372
700 : 1.7035483706431798 2.1706115601673934
701 : 1.899999999992416 0.17320508075627022
702 : 1.4999999999938405 0.17320508075627025
703 : 2.30016164223986 0.17053038559400682
704 : 5.83152466818542 1.3002561716968937
705 : 2.7040658413564995 0.16976888338564355
706 : 3.4999999999999973 0.8267949192431124
707 : 3.8999999999999977 0.8267949192431167
708 : 4.70354837064651 0.8293884398320076
709 : 4.300161642248841 0.8294696144055014
710 : 5.5196152422709535 2.300000000000241
711 : 0.8320043307489079 3.700073924388457
712 : 2.4999999999982365 4.17320508075692
713 : 0.40364101044968775 2.666462655915348
714 : 5.519615242270865 1.8999999999999133
715 : 1.8999999999987907 4.173205080756384
716 : 5.100000000000042 0.48038475772915307
717 : 1.407029642412222 4.341696071839643
718 : 0.8999651847442888 2.816395768079359
719 : 2.1999999999956534 2.3464101615135506
720 : 3.3000739243780566 0.17316240049125997
721 : 3.4000862451099216 0.34636036787101965
722 : 1.9999999999986144 4.3464101615128
723 : 2.0999999999985692 4.51961524226968
724 : 5.653590333684702 8.79999989101211
725 : 0.7035355211450693 0.49401294693600395
726 : 0.3163585115712497 0.1881896957092474
727 : 5.308863614115232 1.164445304159289
728 : 0.15900053892277155 0.6944760729913557
729 : 0.3156833018876633 2.1891889027670417
730 : 5.683652217401022 9.812112848529729
731 : 5.189118651072279 9.684375567858355
732 : 5.840129541928246 4.304699677568028
733 : 5.828273654383787 0.30835315925345663
734 : 5.691646840745562 2.8282736543836293
735 : 0.3083531592544062 4.828273654383646
736 : 0.6156085658887767 0.32734808329200377
737 : 0.31679456366546344 2.38582798111101
738 : 5.38581399427087 9.68401818816012
739 : 0.6157630402357048 0.6679231775304932
740 : 5.685238569070305 4.387195790116229
741 : 5.391855094172616 1.3188801583737648
742 : 5.337191224148254 1.6159676679085808
743 : 5.505131779638817 1.7017119829023568
744 : 4.605615409816746 0.6644555825482074
745 : 4.5943701022432535 0.3358536129493503
746 : 4.605615409817782 4.664417189297196
747 : 4.594370102246758 4.335849678184308
748 : 0.5030143793156875 3.7027749341099883
749 : 0.49261265323701336 3.9052093589381167
750 : 1.605615409814831 2.335544417451326
751 : 1.5943701022457581 2.664146387051588
752 : 2.602399022409956 0.3322411739646175
753 : 2.901994819290569 0.5069773854867721
754 : 1.6000000000000028 4.673205080756329
755 : 1.7999999999997214 4.673205080756133
756 : 1.4069737121075552 4.673645968189694
757 : 5.39202994879609 4.3238206510084805
758 : 1.999999999999215 4.673205080756183
759 : 0.3267949192432608 4.199999999999827
760 : 0.32679491924328347 4.399999999999731
761 : 0.7999999999992762 2.3267949192425883
762 : 0.6735942604676907 3.406534669976511
763 : 0.3213491931675173 4.604596097379995
764 : 0.9999999999989282 2.326794919242656
765 : 0.6078641432138011 2.3231846883561893
766 : 5.199999999999997 4.32679491924331
767 : 1.199999999997829 2.326794919242266
768 : 4.593026287892015 2.6736459681901756
769 : 1.4013496040166462 2.3287553183163356
770 : 5.0000000000001465 4.32679491924335
771 : 4.798644000136619 4.329028833609521
772 : 4.2 4.673205080757233
773 : 3.9999999999999907 4.673205080757252
774 : 4.401349604018391 4.671237696779565
775 : 3.79999999999992 4.673205080757225
776 : 3.5999999999998726 4.673205080757219
777 : 3.3999999999997224 4.673205080757155
778 : 3.1999999999996764 4.673205080757157
779 : 2.1999999999988393 4.67320508075642
780 : 2.9999999999996634 4.67320508075717
781 : 2.7999999999989176 4.673205080756891
782 : 0.9999999999973295 0.32676971133898247
783 : 5.323187199712019 9.392135237888668
784 : 5.604596097379862 0.32134919316755184
785 : 1.7986440001342958 2.6709655879548433
786 : 2.39999999999862 4.673205080756643
787 : 5.326794919242442 9.199999999999969
788 : 5.326794919242452 8.99999999999984
789 : 1.1999999999969848 0.32679071792527303
790 : 1.9997470596450326 2.6732776144828367
791 : 2.599999999998813 4.6732050807568974
792 : 5.3267949192421025 8.799999999999166
793 : 1.3999999999964898 0.3267942190230239
794 : 5.400759363781436 0.3253770764317084
795 : 1.5999999999959549 0.3267948025392842
796 : 5.678650806832321 2.604596097379982
797 : 1.7999999999954093 0.32679489979194615
798 : 4.4000000000000075 2.6732050807582297
799 : 4.1999999999998 2.673205080758117
800 : 3.9999999999996803 2.6732050807580574
801 : 2.1999578432720863 2.6732171697109957
802 : 3.799999999999518 2.673205080757968
803 : 1.9999999999950462 0.32679491600066274
804 : 3.5999999999992656 2.673205080757823
805 : 3.399999999999194 2.6732050807577945
806 : 3.199999999999144 2.6732050807577803
807 : 2.3999929738773895 2.6732070955830274
808 : 2.9999999999990994 2.673205080757765
809 : 2.7999999999990512 2.673205080757753
810 : 2.5999988289781713 2.673205416561598
811 : 5.674622923568341 2.4007593637814963
812 : 5.200089565592339 0.3264096946609486
813 : 5.673441387891801 2.2001265606292626
814 : 2.1999999999913453 0.32679491924024606
815 : 5.6732501827916915 2.000021093436028
816 : 5.32679491924114 7.000000000000005
817 : 5.32679491924112 7.199999999999999
818 : 2.4011871425768074 0.3278304268929178
819 : 5.326794919241116 6.799999999999989
820 : 4.999996568727326 0.3265832902603101
821 : 5.326794919241086 7.4000000000000075
822 : 5.3267949192410615 6.600000000000006
823 : 5.326794919241067 7.599999999999979
824 : 5.326794919241018 7.799999999999998
825 : 5.3267949192409985 6.400000000000005
826 : 5.3267949192411725 7.999999999999686
827 : 5.3267949192413635 6.199999999999255
828 : 5.326794919240923 8.199999999999951
829 : 4.79864342825581 0.32899914054767965
830 : 5.326794919241085 8.3999999999997
831 : 5.326794919241857 8.599999999998639
832 : 5.32679491924113 5.9999999999991465
833 : 5.326672558585437 5.40697371210473
834 : 5.326794919242843 5.79999999999643
835 : 5.32679491924503 5.599999999993035
836 : 4.401349604016644 0.6712446816843852
837 : 4.200251874375363 0.673324130106265
838 : 4.000041979060194 0.6732249223162255
839 : 3.1999999999884134 0.6732050807527032
840 : 3.8000069965074936 0.6732083876847286
841 : 3.6000011660818303 0.67320563191295
842 : 3.4000001943416773 0.6732051726157819
843 : 2.7012833126498537 0.4993679714449508
844 : 3.000000000000004 0.6732393858263033
845 : 0.3274637542711566 4.000206763354118
846 : 0.6715708290875342 3.6007999446999643
847 : 5.673239385831578 1.7999999999945664
848 : 0.7999999999967111 0.32664367182186266
849 : 5.671314953043414 1.206974135867394
850 : 0.3317266422317321 3.2059387370574073
851 : 1.2112888418809284 4.667372303272842
852 : 5.668462305499418 5.206149430617579
853 : 1.213082948633602 4.3414254968995145
854 : 5.3327947036024845 5.213851284025259
855 : 4.786962300328167 2.340088645059964
856 : 4.788760700330149 2.66731177062111
857 : 0.6674998396372722 3.213855368051748
858 : 0.32916691542851356 2.8147334286814374
859 : 0.8112664159765215 4.671414599831649
860 : 5.672991184728804 0.8116805820073967
861 : 5.188768915490166 2.671369736751575
862 : 5.670835632913055 4.814554132690688
863 : 5.866025403784438 0.4999999999979069
864 : 0.4999999999999996 4.866025403784259
865 : 5.499999999999995 2.8660254037847577
866 : 4.678623437607342 2.510962384139873
867 : 1.3214248518011797 4.511232562213185
868 : 0.5220984778761018 3.3358648051245283
869 : 5.477901522116462 5.335864805120273
870 : 0.1464101615144827 0.1464101615149442
871 : 5.853589838485689 4.146410161513576
872 : 0.1464101615137951 0.8535898384862047
873 : 5.194677215355551 4.948378544452561
874 : 5.8535898384860126 9.853589838485949
875 : 0.8038221885835899 2.9478683369728853
876 : 5.146410161513773 1.1464101615137752
877 : 0.14641016151375752 2.1464101615138027
878 : 5.05162145554735 2.1946091619607637
879 : 0.9464101615137657 4.1999999999998385
880 : 5.1464101615137725 9.85358983848623
881 : 0.14539185291100823 4.85460814708899
882 : 5.854608147089107 2.8546081470889044
883 : 5.85460814708939 0.14539185291016535
884 : 5.320811319681769 1.4602477446547424
885 : 5.547953028879131 4.313775722303538
886 : 0.44709019616456286 2.3086336098352294
887 : 5.308620278026408 9.553083261693619
888 : 0.4582018644146359 0.3103030287655275
889 : 0.31030302876628557 2.5417981355830976
890 : 5.542085957915642 9.690736574631257
891 : 0.4582018644166381 0.6896969712342854
892 : 5.689750224214669 4.5418767703761205
893 : 5.5435240121796845 1.3175583675362548
Nombre de coin : 14
1 : 0.0 0.0
1 : 6.0 0.0
2 : 6.0 0.0
2 : 6.0 3.0
3 : 6.0 3.0
3 : 1.0 3.0
4 : 1.0 3.0
4 : 1.0 4.0
5 : 1.0 4.0
5 : 6.0 4.0
6 : 6.0 4.0
6 : 6.0 10.0
7 : 6.0 10.0
7 : 5.0 10.0
8 : 5.0 10.0
8 : 5.0 5.0
9 : 5.0 5.0
9 : 0.0 5.0
10 : 0.0 5.0
10 : 0.0 2.0
11 : 0.0 2.0
11 : 5.0 2.0
12 : 5.0 2.0
12 : 5.0 1.0
13 : 5.0 1.0
13 : 0.0 1.0
14 : 0.0 0.0
14 : 0.0 1.0
Nombre de triangle : 1524
1 : 272 421 430
2 : 275 417 663
3 : 534 287 667
4 : 415 364 621
5 : 288 419 664
6 : 423 264 425
7 : 267 426 428
8 : 262 468 469
9 : 733 469 784
10 : 425 735 763
11 : 734 428 796
12 : 425 264 864
13 : 267 428 865
14 : 262 469 863
15 : 287 534 850
16 : 414 396 854
17 : 364 415 851
18 : 413 282 853
19 : 466 401 855
20 : 532 665 857
21 : 419 288 856
22 : 417 275 849
23 : 421 272 852
24 : 430 421 862
25 : 663 417 860
26 : 534 667 858
27 : 415 621 859
28 : 664 419 861
29 : 396 414 873
30 : 282 413 879
31 : 401 466 878
32 : 665 532 875
33 : 852 438 869
34 : 853 717 867
35 : 655 850 868
36 : 573 855 866
37 : 454 453 726
38 : 547 408 730
39 : 735 390 763
40 : 386 733 784
41 : 387 734 796
42 : 455 613 728
43 : 657 748 749
44 : 748 377 749
45 : 422 852 869
46 : 416 853 867
47 : 850 535 868
48 : 855 420 866
49 : 389 729 737
50 : 677 731 738
51 : 343 741 884
52 : 343 727 741
53 : 388 732 740
54 : 454 726 888
55 : 547 730 890
56 : 737 729 886
57 : 738 731 887
58 : 465 261 862
59 : 468 262 860
60 : 266 713 858
61 : 264 423 859
62 : 426 267 861
63 : 469 733 863
64 : 735 425 864
65 : 428 734 865
66 : 713 266 889
67 : 613 455 891
68 : 261 465 892
69 : 388 740 885
70 : 742 444 743
71 : 444 442 743
72 : 725 509 739
73 : 448 753 843
74 : 745 359 829
75 : 747 329 771
76 : 283 752 818
77 : 746 292 774
78 : 277 750 769
79 : 744 317 836
80 : 333 751 785
81 : 604 603 724
82 : 496 450 721
83 : 132 133 608
84 : 546 604 724
85 : 433 437 438
86 : 493 496 721
87 : 601 345 603
88 : 557 558 719
89 : 111 112 429
90 : 558 475 719
91 : 133 341 608
92 : 345 132 608
93 : 504 517 519
94 : 432 433 438
95 : 345 601 609
96 : 493 495 496
97 : 445 30 720
98 : 597 347 599
99 : 117 358 432
100 : 253 254 511
101 : 603 608 724
102 : 635 482 636
103 : 599 347 609
104 : 490 491 494
105 : 114 115 272
106 : 361 490 494
107 : 337 573 612
108 : 447 445 720
109 : 432 358 433
110 : 347 597 607
111 : 493 494 495
112 : 503 504 519
113 : 254 290 511
114 : 482 481 636
115 : 130 131 609
116 : 583 452 584
117 : 571 338 612
118 : 573 571 612
119 : 481 335 636
120 : 348 503 519
121 : 338 569 616
122 : 451 356 584
123 : 357 518 611
124 : 452 451 584
125 : 593 351 595
126 : 108 388 439
127 : 494 491 495
128 : 569 338 571
129 : 510 253 511
130 : 595 351 607
131 : 567 340 616
132 : 569 567 616
133 : 603 345 608
134 : 601 599 609
135 : 340 565 617
136 : 351 593 606
137 : 450 447 721
138 : 128 129 607
139 : 252 253 510
140 : 52 366 441
141 : 565 340 567
142 : 112 113 261
143 : 490 361 662
144 : 347 130 609
145 : 503 348 637
146 : 563 344 617
147 : 116 117 432
148 : 518 357 623
149 : 131 345 609
150 : 565 563 617
151 : 108 109 388
152 : 270 41 440
153 : 597 595 607
154 : 336 252 510
155 : 344 561 618
156 : 87 88 457
157 : 507 506 508
158 : 335 481 712
159 : 591 352 606
160 : 447 720 721
161 : 93 335 712
162 : 42 43 386
163 : 505 506 507
164 : 129 347 607
165 : 561 344 563
166 : 56 387 463
167 : 589 352 591
168 : 351 128 607
169 : 356 451 620
170 : 502 498 505
171 : 42 386 440
172 : 502 505 507
173 : 372 398 464
174 : 90 91 280
175 : 228 12 466
176 : 114 272 430
177 : 559 346 618
178 : 126 127 606
179 : 215 349 470
180 : 362 492 493
181 : 593 591 606
182 : 322 372 464
183 : 50 51 285
184 : 282 86 467
185 : 561 559 618
186 : 517 513 519
187 : 40 270 575
188 : 468 412 469
189 : 383 410 465
190 : 361 34 662
191 : 346 555 619
192 : 498 497 505
193 : 349 557 719
194 : 352 589 605
195 : 372 384 397
196 : 353 512 513
197 : 107 108 439
198 : 557 553 558
199 : 268 107 439
200 : 513 512 519
201 : 348 248 637
202 : 497 336 505
203 : 124 125 605
204 : 433 358 434
205 : 545 341 622
206 : 370 383 395
207 : 366 53 483
208 : 88 273 457
209 : 37 359 484
210 : 362 32 492
211 : 352 126 606
212 : 357 244 623
213 : 395 383 465
214 : 584 356 674
215 : 251 336 497
216 : 127 351 606
217 : 353 246 512
218 : 434 358 620
219 : 285 443 704
220 : 397 384 468
221 : 433 435 437
222 : 125 352 605
223 : 56 57 387
224 : 544 540 547
225 : 550 553 557
226 : 322 371 372
227 : 486 485 487
228 : 555 346 559
229 : 321 369 370
230 : 540 539 547
231 : 113 114 430
232 : 258 259 374
233 : 492 361 494
234 : 493 492 494
235 : 360 484 485
236 : 451 434 620
237 : 384 412 468
238 : 398 397 417
239 : 514 513 515
240 : 499 498 500
241 : 285 442 443
242 : 431 432 438
243 : 342 497 498
244 : 539 408 547
245 : 353 514 623
246 : 333 79 520
247 : 78 333 537
248 : 269 55 463
249 : 500 498 502
250 : 354 124 605
251 : 396 395 421
252 : 183 325 538
253 : 370 369 383
254 : 514 518 623
255 : 505 336 506
256 : 342 499 637
257 : 372 371 384
258 : 325 184 548
259 : 13 322 464
260 : 549 550 557
261 : 360 486 662
262 : 137 408 539
263 : 587 586 588
264 : 582 579 585
265 : 549 350 550
266 : 645 634 648
267 : 383 409 410
268 : 610 357 611
269 : 521 522 523
270 : 515 513 517
271 : 499 503 637
272 : 487 485 489
273 : 457 273 458
274 : 337 228 466
275 : 486 487 488
276 : 486 490 662
277 : 29 30 445
278 : 360 485 486
279 : 112 261 429
280 : 353 513 514
281 : 520 328 521
282 : 512 348 519
283 : 372 397 398
284 : 374 454 455
285 : 342 498 499
286 : 499 500 501
287 : 433 434 435
288 : 582 585 587
289 : 243 357 610
290 : 585 586 587
291 : 217 350 549
292 : 166 414 576
293 : 54 269 483
294 : 522 328 658
295 : 359 38 574
296 : 33 361 492
297 : 339 541 622
298 : 360 36 484
299 : 574 39 575
300 : 551 350 619
301 : 55 56 463
302 : 578 354 585
303 : 123 354 578
304 : 579 578 585
305 : 342 250 497
306 : 247 348 512
307 : 555 551 619
308 : 119 356 620
309 : 523 522 524
310 : 521 328 522
311 : 356 120 674
312 : 86 87 467
313 : 646 330 650
314 : 90 280 715
315 : 203 389 615
316 : 525 522 658
317 : 647 646 650
318 : 455 454 456
319 : 521 523 536
320 : 41 42 440
321 : 541 545 622
322 : 52 53 366
323 : 54 55 269
324 : 31 32 362
325 : 33 34 361
326 : 35 36 360
327 : 40 41 270
328 : 221 344 618
329 : 349 549 557
330 : 37 38 359
331 : 290 255 613
332 : 50 285 704
333 : 225 338 616
334 : 219 346 619
335 : 223 340 617
336 : 166 9 414
337 : 550 552 553
338 : 80 328 520
339 : 251 252 336
340 : 514 515 516
341 : 227 337 612
342 : 324 77 537
343 : 183 184 325
344 : 636 335 652
345 : 245 246 353
346 : 249 250 342
347 : 247 248 348
348 : 39 40 575
349 : 339 539 540
350 : 76 324 614
351 : 9 291 321
352 : 215 216 349
353 : 243 244 357
354 : 85 5 284
355 : 542 540 544
356 : 550 551 552
357 : 580 579 581
358 : 254 255 290
359 : 382 385 400
360 : 341 134 622
361 : 206 207 577
362 : 80 81 328
363 : 370 395 396
364 : 76 77 324
365 : 541 540 542
366 : 78 79 333
367 : 137 138 408
368 : 355 578 579
369 : 327 182 538
370 : 585 354 586
371 : 203 204 389
372 : 355 580 674
373 : 550 350 551
374 : 53 54 483
375 : 185 364 548
376 : 339 136 539
377 : 644 645 648
378 : 506 336 510
379 : 431 116 432
380 : 36 37 484
381 : 580 584 674
382 : 85 284 711
383 : 541 542 543
384 : 32 33 492
385 : 435 434 436
386 : 581 579 582
387 : 355 579 580
388 : 181 327 626
389 : 580 581 583
390 : 38 39 574
391 : 231 343 627
392 : 490 488 491
393 : 187 264 621
394 : 250 251 497
395 : 330 646 676
396 : 246 247 512
397 : 552 551 554
398 : 92 93 712
399 : 647 650 651
400 : 259 260 453
401 : 321 367 369
402 : 355 122 578
403 : 639 642 644
404 : 136 137 539
405 : 631 630 648
406 : 182 183 538
407 : 334 632 652
408 : 634 631 648
409 : 339 540 541
410 : 503 501 504
411 : 255 256 613
412 : 338 226 612
413 : 77 78 537
414 : 79 80 520
415 : 184 185 548
416 : 101 330 676
417 : 349 216 549
418 : 644 642 645
419 : 193 265 628
420 : 284 377 711
421 : 344 222 617
422 : 122 123 578
423 : 508 506 509
424 : 242 243 610
425 : 284 5 373
426 : 127 128 351
427 : 117 118 358
428 : 46 47 262
429 : 133 134 341
430 : 135 136 339
431 : 223 224 340
432 : 119 120 356
433 : 125 126 352
434 : 131 132 345
435 : 225 226 338
436 : 632 636 652
437 : 340 224 616
438 : 334 630 631
439 : 346 220 618
440 : 195 365 624
441 : 217 218 350
442 : 227 228 337
443 : 221 222 344
444 : 396 421 422
445 : 638 639 644
446 : 219 220 346
447 : 121 122 355
448 : 123 124 354
449 : 135 339 622
450 : 129 130 347
451 : 400 385 426
452 : 330 649 650
453 : 202 203 615
454 : 350 218 619
455 : 266 202 615
456 : 332 638 644
457 : 181 182 327
458 : 231 232 343
459 : 401 400 419
460 : 364 186 621
461 : 334 96 630
462 : 600 601 602
463 : 180 626 629
464 : 332 98 638
465 : 382 400 401
466 : 245 353 623
467 : 165 166 576
468 : 588 589 590
469 : 358 118 620
470 : 330 102 649
471 : 329 104 660
472 : 570 571 572
473 : 632 633 635
474 : 334 631 632
475 : 653 654 657
476 : 216 217 549
477 : 415 413 416
478 : 185 186 364
479 : 632 631 633
480 : 265 194 624
481 : 193 194 265
482 : 187 188 264
483 : 335 94 652
484 : 230 231 627
485 : 118 119 620
486 : 180 181 626
487 : 51 52 441
488 : 639 640 641
489 : 226 227 612
490 : 399 391 413
491 : 323 381 382
492 : 568 569 570
493 : 653 289 654
494 : 566 567 568
495 : 220 221 618
496 : 524 525 526
497 : 222 223 617
498 : 562 563 564
499 : 224 225 616
500 : 398 417 418
501 : 554 555 556
502 : 16 17 363
503 : 556 559 560
504 : 545 543 546
505 : 560 561 562
506 : 638 331 639
507 : 332 644 648
508 : 436 451 452
509 : 602 603 604
510 : 564 565 566
511 : 106 268 659
512 : 13 316 322
513 : 390 192 628
514 : 639 641 642
515 : 280 476 477
516 : 641 640 643
517 : 75 76 614
518 : 218 219 619
519 : 594 595 596
520 : 365 653 657
521 : 192 193 628
522 : 630 332 648
523 : 249 342 637
524 : 590 591 592
525 : 592 593 594
526 : 639 331 640
527 : 596 597 598
528 : 598 599 600
529 : 633 631 634
530 : 105 106 659
531 : 186 187 621
532 : 105 659 660
533 : 95 96 334
534 : 99 331 638
535 : 103 329 649
536 : 106 107 268
537 : 104 105 660
538 : 378 373 391
539 : 97 332 630
540 : 588 586 589
541 : 97 98 332
542 : 101 102 330
543 : 194 195 624
544 : 586 354 605
545 : 199 287 661
546 : 93 94 335
547 : 95 334 652
548 : 99 100 331
549 : 98 99 638
550 : 102 103 649
551 : 103 104 329
552 : 198 199 661
553 : 197 289 653
554 : 91 92 476
555 : 470 349 719
556 : 328 81 658
557 : 195 196 365
558 : 96 97 630
559 : 643 646 647
560 : 244 245 623
561 : 654 289 655
562 : 179 180 629
563 : 248 249 637
564 : 654 655 656
565 : 365 196 653
566 : 191 192 390
567 : 82 326 665
568 : 35 360 662
569 : 321 291 367
570 : 640 331 676
571 : 4 82 665
572 : 34 35 662
573 : 646 640 676
574 : 242 610 625
575 : 632 635 636
576 : 196 197 653
577 : 81 4 658
578 : 214 215 470
579 : 197 198 289
580 : 201 202 266
581 : 379 315 380
582 : 82 83 326
583 : 62 288 664
584 : 201 266 667
585 : 200 201 667
586 : 287 200 667
587 : 199 200 287
588 : 94 95 652
589 : 289 198 661
590 : 297 179 629
591 : 62 63 288
592 : 326 83 666
593 : 83 84 666
594 : 60 61 267
595 : 61 62 664
596 : 100 101 676
597 : 643 640 646
598 : 655 289 661
599 : 141 142 677
600 : 541 543 545
601 : 267 61 664
602 : 314 165 576
603 : 168 169 292
604 : 177 178 672
605 : 436 434 451
606 : 554 551 555
607 : 176 177 296
608 : 376 373 378
609 : 172 173 294
610 : 174 175 295
611 : 178 179 297
612 : 288 63 683
613 : 399 413 415
614 : 9 167 291
615 : 170 171 293
616 : 331 100 676
617 : 278 471 472
618 : 392 391 399
619 : 382 381 385
620 : 572 571 573
621 : 596 595 597
622 : 134 135 622
623 : 602 601 603
624 : 590 589 591
625 : 121 355 674
626 : 173 174 668
627 : 401 419 420
628 : 17 18 685
629 : 169 170 671
630 : 580 583 584
631 : 378 391 392
632 : 526 527 528
633 : 594 593 595
634 : 171 172 669
635 : 592 591 593
636 : 568 567 569
637 : 570 569 571
638 : 556 555 559
639 : 207 263 577
640 : 562 561 563
641 : 564 563 565
642 : 175 176 673
643 : 308 75 614
644 : 167 168 670
645 : 443 442 444
646 : 120 121 674
647 : 296 177 672
648 : 63 64 683
649 : 403 393 406
650 : 598 597 599
651 : 170 293 671
652 : 566 565 567
653 : 294 173 668
654 : 600 599 601
655 : 168 292 670
656 : 140 141 375
657 : 560 559 561
658 : 293 171 669
659 : 178 297 672
660 : 295 175 673
661 : 499 501 503
662 : 5 86 282
663 : 380 315 697
664 : 486 488 490
665 : 375 141 677
666 : 376 378 404
667 : 291 167 670
668 : 174 295 668
669 : 292 169 671
670 : 424 423 425
671 : 392 399 423
672 : 230 627 697
673 : 159 160 679
674 : 172 294 669
675 : 524 522 525
676 : 384 411 412
677 : 392 423 424
678 : 84 85 711
679 : 534 532 535
680 : 176 296 673
681 : 393 291 670
682 : 367 393 403
683 : 155 156 681
684 : 241 242 625
685 : 64 65 298
686 : 68 69 302
687 : 70 71 304
688 : 426 427 428
689 : 74 75 308
690 : 72 73 306
691 : 66 67 300
692 : 69 70 688
693 : 73 74 689
694 : 284 376 377
695 : 145 146 678
696 : 152 153 307
697 : 150 151 305
698 : 154 155 309
699 : 156 157 310
700 : 162 163 313
701 : 158 159 311
702 : 160 161 312
703 : 65 66 690
704 : 144 145 299
705 : 146 147 301
706 : 148 149 303
707 : 378 392 696
708 : 164 165 314
709 : 383 369 409
710 : 67 68 684
711 : 28 29 286
712 : 658 4 718
713 : 88 89 273
714 : 153 154 694
715 : 284 373 376
716 : 229 230 697
717 : 528 529 533
718 : 157 158 693
719 : 404 378 696
720 : 322 368 371
721 : 71 72 691
722 : 87 457 467
723 : 207 208 263
724 : 392 424 696
725 : 531 532 534
726 : 163 164 682
727 : 285 441 442
728 : 147 148 692
729 : 514 516 518
730 : 476 92 712
731 : 477 478 479
732 : 149 150 680
733 : 161 162 687
734 : 47 48 663
735 : 480 481 482
736 : 64 298 683
737 : 589 586 605
738 : 213 214 278
739 : 479 478 480
740 : 160 312 679
741 : 458 273 459
742 : 19 20 675
743 : 150 305 680
744 : 302 69 688
745 : 531 530 532
746 : 526 525 527
747 : 299 145 678
748 : 306 73 689
749 : 307 153 694
750 : 209 210 274
751 : 211 212 277
752 : 66 300 690
753 : 367 291 393
754 : 309 155 681
755 : 210 211 699
756 : 457 458 717
757 : 304 71 691
758 : 146 301 678
759 : 374 453 454
760 : 478 476 712
761 : 20 21 276
762 : 164 314 682
763 : 300 67 684
764 : 472 473 474
765 : 298 65 690
766 : 74 308 689
767 : 311 159 679
768 : 156 310 681
769 : 310 157 693
770 : 68 302 684
771 : 312 161 687
772 : 480 478 481
773 : 148 303 692
774 : 70 304 688
775 : 212 213 700
776 : 72 306 691
777 : 666 84 711
778 : 21 22 702
779 : 12 315 323
780 : 22 23 279
781 : 208 209 698
782 : 48 49 275
783 : 152 307 695
784 : 158 311 693
785 : 23 24 701
786 : 313 163 682
787 : 528 527 529
788 : 24 25 281
789 : 26 27 283
790 : 529 530 531
791 : 25 26 703
792 : 367 403 686
793 : 301 147 692
794 : 234 235 317
795 : 151 152 695
796 : 154 309 694
797 : 238 239 319
798 : 240 241 320
799 : 477 476 478
800 : 239 240 706
801 : 236 237 318
802 : 12 229 315
803 : 303 149 680
804 : 13 233 316
805 : 235 236 709
806 : 162 313 687
807 : 237 238 707
808 : 233 234 708
809 : 27 28 705
810 : 362 493 721
811 : 369 367 686
812 : 529 527 530
813 : 323 379 381
814 : 379 380 714
815 : 481 478 712
816 : 286 446 448
817 : 315 229 697
818 : 426 385 427
819 : 473 471 475
820 : 262 47 663
821 : 48 275 663
822 : 320 241 625
823 : 533 529 713
824 : 20 276 675
825 : 18 19 271
826 : 472 471 473
827 : 458 462 717
828 : 305 151 695
829 : 263 208 698
830 : 49 50 704
831 : 385 381 710
832 : 384 371 411
833 : 274 210 699
834 : 402 394 407
835 : 211 277 699
836 : 18 271 685
837 : 213 278 700
838 : 280 91 476
839 : 409 369 686
840 : 529 531 713
841 : 28 286 705
842 : 322 316 368
843 : 277 212 700
844 : 89 90 715
845 : 209 274 698
846 : 509 510 511
847 : 323 315 379
848 : 458 460 462
849 : 363 17 685
850 : 449 447 450
851 : 22 279 702
852 : 276 21 702
853 : 467 457 717
854 : 525 658 718
855 : 26 283 703
856 : 279 23 701
857 : 24 281 701
858 : 281 25 703
859 : 278 472 700
860 : 509 506 510
861 : 236 318 709
862 : 319 239 706
863 : 234 317 708
864 : 240 320 706
865 : 283 27 705
866 : 318 237 707
867 : 460 459 461
868 : 317 235 709
869 : 238 319 707
870 : 286 448 705
871 : 446 447 449
872 : 316 233 708
873 : 381 379 405
874 : 368 394 402
875 : 30 31 720
876 : 427 385 710
877 : 273 89 715
878 : 261 113 430
879 : 368 316 394
880 : 458 459 460
881 : 275 49 704
882 : 371 368 716
883 : 527 525 718
884 : 381 405 710
885 : 278 470 471
886 : 394 316 708
887 : 115 116 431
888 : 271 19 675
889 : 530 527 718
890 : 411 371 716
891 : 405 379 714
892 : 278 214 470
893 : 459 273 715
894 : 471 470 719
895 : 475 471 719
896 : 368 402 716
897 : 285 51 441
898 : 286 29 445
899 : 286 445 446
900 : 722 477 723
901 : 341 545 724
902 : 446 445 447
903 : 715 280 722
904 : 608 341 724
905 : 280 477 722
906 : 461 722 723
907 : 31 362 720
908 : 459 715 722
909 : 374 259 453
910 : 272 115 431
911 : 461 459 722
912 : 477 479 723
913 : 545 546 724
914 : 720 362 721
915 : 396 422 854
916 : 534 535 850
917 : 415 416 851
918 : 416 413 853
919 : 535 532 857
920 : 401 420 855
921 : 420 419 856
922 : 418 417 849
923 : 422 421 852
924 : 456 725 739
925 : 627 343 884
926 : 110 111 732
927 : 257 258 728
928 : 15 16 726
929 : 464 398 727
930 : 205 206 729
931 : 143 144 731
932 : 139 140 730
933 : 374 455 728
934 : 407 489 745
935 : 489 407 744
936 : 406 651 747
937 : 651 406 746
938 : 536 474 751
939 : 474 536 750
940 : 752 516 818
941 : 407 745 829
942 : 750 536 769
943 : 406 747 771
944 : 651 746 774
945 : 489 744 836
946 : 751 474 785
947 : 753 611 843
948 : 509 511 739
949 : 697 627 742
950 : 484 359 745
951 : 489 485 745
952 : 407 394 744
953 : 651 650 747
954 : 708 317 744
955 : 657 654 748
956 : 406 393 746
957 : 649 329 747
958 : 670 292 746
959 : 377 376 749
960 : 333 520 751
961 : 521 536 751
962 : 472 474 750
963 : 277 700 750
964 : 283 705 752
965 : 448 446 753
966 : 518 516 843
967 : 610 611 844
968 : 365 657 845
969 : 711 377 846
970 : 442 441 847
971 : 573 337 855
972 : 655 661 850
973 : 467 717 853
974 : 431 438 852
975 : 704 443 849
976 : 508 509 725
977 : 16 363 726
978 : 111 429 732
979 : 258 374 728
980 : 398 418 727
981 : 140 375 730
982 : 206 577 729
983 : 144 299 731
984 : 417 397 860
985 : 531 534 858
986 : 421 395 862
987 : 419 400 861
988 : 399 415 859
989 : 44 45 733
990 : 58 59 734
991 : 189 190 735
992 : 856 768 866
993 : 756 851 867
994 : 857 762 868
995 : 833 854 869
996 : 264 188 864
997 : 46 262 863
998 : 60 267 865
999 : 363 685 736
1000 : 615 389 737
1001 : 375 677 738
1002 : 511 290 739
1003 : 725 736 848
1004 : 109 6 871
1005 : 6 110 871
1006 : 260 1 870
1007 : 1 15 870
1008 : 14 257 872
1009 : 256 14 872
1010 : 138 7 874
1011 : 7 139 874
1012 : 9 321 873
1013 : 414 9 873
1014 : 466 12 878
1015 : 204 11 877
1016 : 11 205 877
1017 : 13 464 876
1018 : 413 391 879
1019 : 232 13 876
1020 : 370 396 873
1021 : 12 323 878
1022 : 373 5 879
1023 : 382 401 878
1024 : 5 282 879
1025 : 8 143 880
1026 : 142 8 880
1027 : 532 530 875
1028 : 718 4 875
1029 : 4 665 875
1030 : 736 685 848
1031 : 190 10 881
1032 : 10 191 881
1033 : 57 3 882
1034 : 3 58 882
1035 : 43 2 883
1036 : 2 44 883
1037 : 516 752 843
1038 : 743 442 847
1039 : 657 749 845
1040 : 377 748 846
1041 : 611 753 844
1042 : 380 742 743
1043 : 380 697 742
1044 : 714 380 743
1045 : 485 484 745
1046 : 394 708 744
1047 : 650 649 747
1048 : 393 670 746
1049 : 654 656 748
1050 : 376 404 749
1051 : 700 472 750
1052 : 520 521 751
1053 : 705 448 752
1054 : 446 449 753
1055 : 266 615 889
1056 : 290 613 891
1057 : 429 261 892
1058 : 439 388 885
1059 : 782 508 848
1060 : 815 714 847
1061 : 656 762 846
1062 : 404 759 845
1063 : 449 839 844
1064 : 839 450 842
1065 : 320 839 842
1066 : 834 682 835
1067 : 435 834 835
1068 : 450 496 842
1069 : 517 504 803
1070 : 320 625 839
1071 : 308 807 810
1072 : 807 553 810
1073 : 516 515 818
1074 : 515 517 814
1075 : 614 801 807
1076 : 515 814 818
1077 : 517 803 814
1078 : 781 672 791
1079 : 504 501 797
1080 : 502 507 789
1081 : 501 500 795
1082 : 500 502 793
1083 : 507 508 782
1084 : 502 789 793
1085 : 504 797 803
1086 : 501 795 797
1087 : 500 793 795
1088 : 482 781 791
1089 : 537 333 785
1090 : 452 583 827
1091 : 324 537 790
1092 : 614 324 801
1093 : 507 782 789
1094 : 537 785 790
1095 : 682 314 835
1096 : 435 436 834
1097 : 436 452 832
1098 : 496 495 841
1099 : 536 523 769
1100 : 436 832 834
1101 : 523 524 767
1102 : 482 635 781
1103 : 583 581 825
1104 : 604 546 792
1105 : 581 582 822
1106 : 495 491 840
1107 : 524 526 764
1108 : 452 827 832
1109 : 582 587 819
1110 : 583 825 827
1111 : 491 488 838
1112 : 324 790 801
1113 : 587 588 816
1114 : 581 822 825
1115 : 523 767 769
1116 : 488 487 837
1117 : 582 819 822
1118 : 526 528 761
1119 : 496 841 842
1120 : 626 327 758
1121 : 524 764 767
1122 : 588 590 817
1123 : 587 816 819
1124 : 487 489 836
1125 : 629 626 779
1126 : 816 588 817
1127 : 308 614 807
1128 : 590 592 821
1129 : 462 754 756
1130 : 327 538 755
1131 : 754 325 756
1132 : 528 533 765
1133 : 297 629 786
1134 : 526 761 764
1135 : 491 838 840
1136 : 553 552 810
1137 : 629 779 786
1138 : 817 590 821
1139 : 538 325 754
1140 : 325 548 756
1141 : 488 837 838
1142 : 592 594 823
1143 : 552 554 809
1144 : 297 786 791
1145 : 672 297 791
1146 : 754 460 755
1147 : 761 528 765
1148 : 495 840 841
1149 : 460 461 755
1150 : 462 460 754
1151 : 554 556 808
1152 : 821 592 823
1153 : 487 836 837
1154 : 594 596 824
1155 : 552 809 810
1156 : 538 754 755
1157 : 359 574 829
1158 : 556 560 806
1159 : 823 594 824
1160 : 554 808 809
1161 : 596 598 826
1162 : 270 440 794
1163 : 560 562 805
1164 : 824 596 826
1165 : 366 483 815
1166 : 574 575 820
1167 : 440 386 784
1168 : 556 806 808
1169 : 575 270 812
1170 : 268 439 757
1171 : 562 564 804
1172 : 560 805 806
1173 : 634 645 777
1174 : 598 600 828
1175 : 410 409 757
1176 : 635 633 780
1177 : 564 566 802
1178 : 633 634 778
1179 : 635 780 781
1180 : 562 804 805
1181 : 628 265 760
1182 : 634 777 778
1183 : 390 628 763
1184 : 633 778 780
1185 : 645 642 776
1186 : 265 624 759
1187 : 642 641 775
1188 : 566 568 800
1189 : 641 643 773
1190 : 463 387 796
1191 : 483 269 813
1192 : 600 602 830
1193 : 564 802 804
1194 : 642 775 776
1195 : 643 647 772
1196 : 628 760 763
1197 : 647 651 774
1198 : 828 600 830
1199 : 645 776 777
1200 : 660 770 771
1201 : 772 647 774
1202 : 643 772 773
1203 : 826 598 828
1204 : 660 659 770
1205 : 641 773 775
1206 : 265 759 760
1207 : 659 268 766
1208 : 329 660 771
1209 : 269 463 811
1210 : 568 570 799
1211 : 566 800 802
1212 : 574 820 829
1213 : 404 696 759
1214 : 757 409 766
1215 : 759 696 760
1216 : 577 263 765
1217 : 326 666 762
1218 : 696 424 760
1219 : 440 784 794
1220 : 626 758 779
1221 : 602 604 831
1222 : 570 572 798
1223 : 760 424 763
1224 : 424 425 763
1225 : 546 543 788
1226 : 568 799 800
1227 : 543 542 787
1228 : 268 757 766
1229 : 263 698 761
1230 : 542 544 783
1231 : 409 686 766
1232 : 698 274 764
1233 : 263 761 765
1234 : 683 298 768
1235 : 570 798 799
1236 : 483 813 815
1237 : 659 766 770
1238 : 830 602 831
1239 : 274 699 767
1240 : 761 698 764
1241 : 801 558 807
1242 : 764 274 767
1243 : 542 783 787
1244 : 546 788 792
1245 : 770 403 771
1246 : 543 787 788
1247 : 686 403 770
1248 : 699 277 769
1249 : 767 699 769
1250 : 575 812 820
1251 : 403 406 771
1252 : 766 686 770
1253 : 327 755 758
1254 : 269 811 813
1255 : 671 293 772
1256 : 671 772 774
1257 : 772 293 773
1258 : 293 669 773
1259 : 461 723 758
1260 : 755 461 758
1261 : 292 671 774
1262 : 669 294 775
1263 : 773 669 775
1264 : 775 294 776
1265 : 294 668 776
1266 : 463 796 811
1267 : 776 668 777
1268 : 668 295 777
1269 : 777 295 778
1270 : 295 673 778
1271 : 673 296 780
1272 : 778 673 780
1273 : 780 296 781
1274 : 296 672 781
1275 : 270 794 812
1276 : 779 479 786
1277 : 469 412 784
1278 : 299 678 783
1279 : 271 675 782
1280 : 783 678 787
1281 : 474 473 785
1282 : 479 480 786
1283 : 475 558 801
1284 : 678 301 787
1285 : 675 276 789
1286 : 768 298 798
1287 : 786 480 791
1288 : 785 473 790
1289 : 758 723 779
1290 : 572 768 798
1291 : 301 692 788
1292 : 789 276 793
1293 : 787 301 788
1294 : 480 482 791
1295 : 473 475 790
1296 : 784 412 794
1297 : 604 792 831
1298 : 692 303 792
1299 : 788 692 792
1300 : 782 675 789
1301 : 276 702 793
1302 : 723 479 779
1303 : 412 411 794
1304 : 793 702 795
1305 : 702 279 795
1306 : 428 427 796
1307 : 795 279 797
1308 : 279 701 797
1309 : 558 553 807
1310 : 298 690 798
1311 : 690 300 799
1312 : 300 684 800
1313 : 798 690 799
1314 : 799 300 800
1315 : 684 302 802
1316 : 302 688 804
1317 : 800 684 802
1318 : 802 302 804
1319 : 688 304 805
1320 : 797 701 803
1321 : 304 691 806
1322 : 804 688 805
1323 : 701 281 803
1324 : 805 304 806
1325 : 691 306 808
1326 : 306 689 809
1327 : 806 691 808
1328 : 808 306 809
1329 : 689 308 810
1330 : 796 427 811
1331 : 809 689 810
1332 : 792 303 831
1333 : 427 710 811
1334 : 794 411 812
1335 : 790 475 801
1336 : 411 716 812
1337 : 803 281 814
1338 : 811 710 813
1339 : 710 405 813
1340 : 281 703 814
1341 : 813 405 815
1342 : 310 693 816
1343 : 405 714 815
1344 : 816 693 819
1345 : 681 310 817
1346 : 693 311 819
1347 : 309 681 821
1348 : 310 816 817
1349 : 814 703 818
1350 : 681 817 821
1351 : 703 283 818
1352 : 694 309 823
1353 : 311 679 822
1354 : 819 311 822
1355 : 812 716 820
1356 : 694 823 824
1357 : 307 694 824
1358 : 309 821 823
1359 : 307 824 826
1360 : 679 312 825
1361 : 822 679 825
1362 : 695 307 826
1363 : 312 687 827
1364 : 825 312 827
1365 : 305 828 830
1366 : 305 695 828
1367 : 716 402 820
1368 : 680 305 830
1369 : 402 407 829
1370 : 695 826 828
1371 : 820 402 829
1372 : 303 680 831
1373 : 680 830 831
1374 : 827 687 832
1375 : 437 435 835
1376 : 314 576 833
1377 : 687 313 832
1378 : 313 682 834
1379 : 832 313 834
1380 : 317 709 836
1381 : 836 709 837
1382 : 709 318 837
1383 : 837 318 838
1384 : 318 707 838
1385 : 449 450 839
1386 : 838 707 840
1387 : 707 319 840
1388 : 840 319 841
1389 : 319 706 841
1390 : 841 706 842
1391 : 706 320 842
1392 : 833 437 835
1393 : 314 833 835
1394 : 366 815 847
1395 : 762 666 846
1396 : 759 624 845
1397 : 839 625 844
1398 : 611 518 843
1399 : 625 610 844
1400 : 624 365 845
1401 : 666 711 846
1402 : 441 366 847
1403 : 271 782 848
1404 : 685 271 848
1405 : 725 456 736
1406 : 261 430 862
1407 : 262 663 860
1408 : 667 266 858
1409 : 621 264 859
1410 : 267 664 861
1411 : 756 548 851
1412 : 326 762 857
1413 : 683 768 856
1414 : 833 576 854
1415 : 732 429 740
1416 : 727 418 741
1417 : 733 45 863
1418 : 189 735 864
1419 : 734 59 865
1420 : 661 287 850
1421 : 282 467 853
1422 : 548 364 851
1423 : 275 704 849
1424 : 576 414 854
1425 : 272 431 852
1426 : 337 466 855
1427 : 288 683 856
1428 : 665 326 857
1429 : 420 856 866
1430 : 851 416 867
1431 : 535 857 868
1432 : 854 422 869
1433 : 508 725 848
1434 : 438 437 869
1435 : 656 655 868
1436 : 717 462 867
1437 : 572 573 866
1438 : 465 410 892
1439 : 443 444 893
1440 : 456 454 888
1441 : 533 713 889
1442 : 544 547 890
1443 : 455 456 891
1444 : 713 531 858
1445 : 423 399 859
1446 : 397 468 860
1447 : 400 426 861
1448 : 395 465 862
1449 : 729 577 886
1450 : 731 299 887
1451 : 726 363 888
1452 : 730 375 890
1453 : 714 743 847
1454 : 749 404 845
1455 : 748 656 846
1456 : 752 448 843
1457 : 753 449 844
1458 : 45 46 863
1459 : 188 189 864
1460 : 59 60 865
1461 : 410 740 892
1462 : 444 741 893
1463 : 736 456 888
1464 : 737 533 889
1465 : 738 544 890
1466 : 456 739 891
1467 : 849 443 893
1468 : 110 732 871
1469 : 257 728 872
1470 : 143 731 880
1471 : 205 729 877
1472 : 139 730 874
1473 : 464 727 876
1474 : 15 726 870
1475 : 386 43 883
1476 : 387 57 882
1477 : 191 390 881
1478 : 388 109 871
1479 : 613 256 872
1480 : 453 260 870
1481 : 321 370 873
1482 : 408 138 874
1483 : 389 204 877
1484 : 343 232 876
1485 : 323 382 878
1486 : 391 373 879
1487 : 677 142 880
1488 : 530 718 875
1489 : 742 627 884
1490 : 727 343 876
1491 : 731 677 880
1492 : 729 389 877
1493 : 728 613 872
1494 : 730 408 874
1495 : 726 453 870
1496 : 732 388 871
1497 : 533 737 886
1498 : 544 738 887
1499 : 740 410 885
1500 : 462 756 867
1501 : 768 572 866
1502 : 762 656 868
1503 : 437 833 869
1504 : 410 757 885
1505 : 765 533 886
1506 : 783 544 887
1507 : 733 386 883
1508 : 734 387 882
1509 : 390 735 881
1510 : 741 444 884
1511 : 735 190 881
1512 : 44 733 883
1513 : 58 734 882
1514 : 444 742 884
1515 : 418 849 893
1516 : 363 736 888
1517 : 615 737 889
1518 : 375 738 890
1519 : 739 290 891
1520 : 740 429 892
1521 : 741 418 893
1522 : 757 439 885
1523 : 577 765 886
1524 : 299 783 887
Nombre de domaine : 3
Domain : 1
  Name : Base
  Number of elements : 31
  Liste des lments
    1
    2
    15
    16
    17
    18
    19
    20
    21
    22
    23
    24
    25
    26
    27
    28
    29
    30
    31
    32
    33
    34
    35
    36
    37
    38
    39
    40
    41
    42
    43
Domain : 2
  Name : Horizontale
  Number of elements : 26
  Liste des lments
    9
    10
    167
    168
    169
    170
    171
    172
    173
    174
    175
    176
    177
    178
    179
    180
    181
    182
    183
    184
    185
    186
    187
    188
    189
    190
Domain : 3
  Name : Verticale
  Number of elements : 26
  Liste des lments
    8
    9
    143
    144
    145
    146
    147
    148
    149
    150
    151
    152
    153
    154
    155
    156
    157
    158
    159
    160
    161
    162
    163
    164
    165
    166
